100 1000 1
55 39
52 97
50 89
89 22
34 3
10 57
77 5
90 47
46 95
86 43
69 25
30 32
30 59
52 12
58 30
100 81
79 46
99 48
39 83
73 49
10 29
63 99
18 31
7 86
1 48
9 2
38 25
15 91
2 20
36 71
70 97
62 47
42 1
43 46
49 44
43 96
55 22
55 67
67 35
42 29
7 42
63 40
52 57
3 39
2 2
94 61
63 91
36 26
100 78
44 76
8 54
81 60
2 90
47 98
60 79
99 51
23 12
58 54
16 46
90 25
59 12
83 85
77 4
57 18
22 76
13 47
37 44
51 70
64 48
16 51
27 1
36 45
92 48
8 86
56 60
58 19
23 65
55 30
89 7
69 7
29 6
91 60
82 37
24 56
54 11
20 91
31 64
42 43
51 99
12 2
84 98
38 16
61 59
15 63
99 100
72 45
60 37
94 91
7 62
56 7
55 31
62 8
90 36
64 79
8 5
36 87
28 87
45 65
33 11
23 32
34 38
66 30
52 58
46 42
33 44
74 21
51 81
54 1
77 49
27 61
85 11
82 85
86 85
59 33
81 62
86 75
45 97
65 32
85 56
60 52
20 33
72 20
45 81
84 19
37 71
7 25
66 38
76 50
51 90
28 21
44 57
11 51
13 28
63 66
45 25
100 49
21 33
78 15
27 46
60 67
12 4
28 93
61 39
79 55
80 27
4 48
34 90
84 36
48 30
13 30
88 10
57 79
43 70
59 39
78 85
43 31
34 95
48 63
75 36
66 83
36 39
94 64
94 91
63 81
100 16
94 31
42 92
65 63
70 9
78 2
86 78
19 10
13 29
58 63
21 44
60 23
90 62
98 15
98 15
45 49
63 4
11 76
82 24
97 86
2 48
42 10
17 14
21 90
22 40
45 41
43 27
1 54
34 52
11 23
52 70
27 86
69 16
16 44
46 84
51 36
30 11
71 1
29 71
84 58
51 24
19 52
52 22
85 11
84 96
93 12
13 75
27 33
72 60
56 88
17 59
76 85
7 98
19 19
48 36
27 38
10 1
20 26
10 31
13 52
62 28
45 34
6 100
2 21
67 57
58 38
79 21
1 42
86 21
73 2
18 33
88 68
77 13
84 85
90 99
1 1
53 68
10 76
37 100
100 86
45 31
58 47
41 40
60 70
35 48
42 36
31 39
34 12
39 3
51 83
99 91
41 96
84 19
89 51
51 45
31 19
89 5
59 77
30 23
68 69
6 67
53 16
53 82
96 7
12 28
75 9
7 75
39 95
18 28
3 25
34 20
80 27
80 7
49 53
8 96
21 56
45 86
78 75
5 76
77 90
11 22
20 41
71 27
27 29
38 61
20 3
29 69
33 16
79 75
12 95
67 19
79 47
80 85
3 56
88 84
83 95
86 94
29 37
1 73
42 39
95 57
30 6
72 57
3 53
69 16
20 41
10 52
65 28
92 32
87 80
83 29
22 87
81 15
13 3
46 96
3 38
81 69
81 44
89 34
100 7
21 83
35 31
55 36
72 38
66 80
25 80
27 57
28 46
98 78
38 60
43 29
51 79
25 46
55 58
9 10
5 100
28 76
54 31
51 59
12 39
25 34
40 20
77 71
60 76
91 17
68 27
5 55
61 16
87 73
3 48
66 97
64 15
49 98
81 59
44 12
41 4
31 24
32 70
70 53
76 27
25 16
20 43
46 54
100 82
65 99
64 81
65 41
87 10
70 97
96 43
53 59
37 28
60 4
78 26
4 41
45 53
14 36
15 18
29 19
54 16
44 69
95 37
19 79
62 79
68 26
6 79
81 17
53 51
63 8
17 71
71 23
17 59
16 38
40 12
54 53
46 67
61 61
31 19
74 15
58 87
80 18
59 4
65 72
97 39
37 64
43 96
33 19
84 72
74 23
48 17
13 99
80 31
7 83
88 64
12 30
50 78
75 5
48 84
99 42
19 27
20 7
26 81
10 77
29 14
77 39
61 74
23 50
2 35
93 68
42 58
27 28
55 83
45 67
67 21
58 67
18 34
77 86
43 89
75 80
91 20
13 83
21 100
53 4
16 99
90 66
49 5
94 32
33 88
60 53
47 7
26 59
53 29
85 65
87 43
76 47
26 68
68 5
100 43
23 20
9 74
78 68
60 82
29 84
52 99
68 51
30 2
19 80
61 53
54 82
24 56
46 55
46 87
69 87
38 85
37 10
39 26
91 80
47 10
77 58
48 57
79 79
94 53
16 67
22 37
33 14
41 39
99 15
21 94
7 33
43 56
45 70
39 70
31 37
3 18
47 98
10 4
37 81
56 12
19 61
35 72
100 45
84 94
66 2
93 31
50 23
14 63
65 24
73 74
25 53
24 1
36 90
52 92
36 51
10 23
15 72
93 78
86 43
81 51
37 79
31 66
17 89
38 53
88 68
60 38
59 99
76 55
95 26
66 43
84 95
61 40
69 66
78 78
100 83
27 40
11 99
39 61
20 19
64 83
75 62
56 69
65 61
47 68
98 58
70 34
82 36
98 86
4 88
43 44
68 14
61 32
21 11
50 18
65 87
88 27
40 45
77 39
44 7
91 46
22 27
80 90
63 94
16 69
43 54
33 80
40 55
48 13
3 2
65 50
17 58
14 56
94 20
58 52
83 67
33 24
5 94
60 61
1 11
62 79
25 46
29 57
1 66
34 76
2 50
53 34
43 70
60 91
28 29
43 30
39 77
70 18
88 54
85 60
24 4
22 21
48 87
11 13
77 6
39 73
57 40
42 36
72 89
22 22
29 29
39 80
3 97
28 32
8 64
3 57
84 35
91 98
44 62
52 91
30 51
51 34
23 50
14 42
83 37
32 49
6 25
61 10
72 75
69 72
41 86
29 71
24 80
52 33
30 24
90 46
68 60
7 7
66 9
18 18
97 28
48 89
21 76
46 62
84 68
10 27
70 53
31 32
18 60
63 72
93 4
76 53
77 28
13 58
44 16
65 90
67 9
100 67
43 39
56 53
40 100
95 44
26 27
60 66
22 38
34 73
24 33
86 83
29 69
95 45
32 54
42 9
46 23
62 17
25 28
49 95
94 37
54 7
2 96
92 75
13 90
49 98
43 62
68 55
85 37
12 36
44 91
2 63
2 10
96 71
52 20
49 40
21 14
46 27
73 26
17 86
47 36
97 94
83 48
20 56
83 67
36 36
7 11
52 84
80 8
24 68
18 91
14 16
35 74
18 17
78 39
79 19
21 95
46 66
2 7
38 76
60 14
36 86
69 74
98 70
2 56
95 6
96 18
53 36
16 45
24 11
53 21
39 77
89 4
64 31
1 33
55 30
61 80
13 2
27 18
51 6
100 95
20 38
12 95
90 19
96 52
38 62
91 45
93 9
26 68
60 47
41 100
86 39
60 88
52 70
69 49
11 36
56 75
16 80
66 12
47 92
18 80
79 62
60 47
16 98
35 80
59 76
51 39
79 8
45 52
9 50
35 11
10 22
55 27
68 19
100 77
39 67
79 59
36 39
4 100
74 45
36 88
96 16
49 98
48 77
3 33
88 83
40 39
32 85
10 85
72 56
25 97
13 7
23 76
76 45
45 94
77 52
54 12
82 16
12 89
81 25
28 10
51 30
70 24
72 18
12 79
24 10
100 10
44 14
68 99
18 78
77 32
28 85
99 4
45 53
57 25
16 94
17 88
52 58
64 76
20 95
6 98
68 77
98 33
73 68
10 99
88 65
87 75
67 5
13 77
78 61
50 39
87 43
12 90
81 18
96 28
99 56
24 93
5 31
41 13
64 46
5 75
82 31
54 33
84 86
41 1
18 79
21 93
76 13
19 46
40 18
38 29
24 6
6 71
35 15
58 49
96 59
14 3
87 54
7 16
6 65
76 75
66 65
83 7
13 100
1 5
7 88
68 31
4 48
39 8
94 13
66 44
89 72
91 32
30 78
16 63
11 41
21 94
82 95
43 41
77 7
95 22
96 13
95 13
97 66
61 31
32 89
19 68
50 49
26 22
32 13
91 54
95 84
7 19
2 67
67 88
30 35
57 59
76 75
71 47
83 29
96 36
8 98
90 9
69 51
47 37
86 57
80 29
26 86
65 28
85 60
45 20
32 79
22 15
24 45
54 75
59 64
78 99
34 46
73 82
80 68
11 40
19 50
29 66
24 23
61 61
93 48
38 31
60 96
8 23
15 56
88 14
46 3
79 71
88 7
72 93
1 100
51 98
82 12
26 36
38 76
34 61
56 84
24 5
41 89
15 71
1 2
55 87
86 20
20 39
15 56
22 69
100 41
40 71
37 4
26 62
11 81
5 34
85 34
43 76
5 3
61 22
70 77
72 20
87 96
59 80
52 100
15 42
34 69
86 62
52 25
56 50
21 27
7 17
17 50
56 1
33 93
90 27
1 63
67 34
24 40
97 85
4 3
76 49
37 47
93 43
59 84
52 76
6 61
77 68
60 36
32 64
3 12
34 56
54 88
21 71
34 91
14 11
25 35
